29.07546280 14.44142869
29.18874628 14.40035402
29.85857795 14.50170373
-3.46884847 4.48226129
-3.88345784 5.12478598
-3.69690448 4.16049928
28.98128927 14.43706712
28.75109660 15.23946162
28.74820019 14.57794870
29.69567877 14.75626644
-3.81809597 4.05011098
-3.67423519 3.80576988
29.69936707 14.09634881
28.91619455 15.27899631
29.69828715 14.53413352
-3.12679001 4.06509005
29.64324526 14.55043420
29.27432389 14.17119162
29.79649543 14.71827661
29.02103635 13.85132246
-3.25930488 3.54808840
-3.42338853 3.89287422
29.89771363 14.81646823
29.50452585 14.60622252
28.83156151 14.79364858
-3.48761023 4.01192967
-3.43275214 4.25131034
-2.75583329 4.65207509
-3.87234346 4.21737476
29.16443634 14.08785827
-2.48334897 3.95037058
29.15440256 14.91015452
-3.30335909 3.60495834
29.51736428 14.30198324
29.16614497 14.67724885
-2.59434496 3.68596356
-2.75964254 4.11322636
-2.92042743 4.33656925
-3.73537239 4.27254741
28.78790746 14.26776604
-3.07160083 3.70997536
-3.37908728 4.24649353
28.91059939 14.84979591
-3.47272920 4.64715634
-3.17153933 3.88634594
-3.69174975 4.14529654
29.92072265 14.43885886
-2.69762090 4.17729253
-3.64443403 4.33634615
28.99406774 14.35033290
-2.99476396 4.37801880
-3.40440456 4.49839788
28.90216136 14.70054899
-2.76908576 4.14335821
29.25838846 15.22552965
-2.93722729 4.14782724
29.57353937 14.28223863
-3.28008483 4.87259838
29.23446087 14.82007591
-2.87262324 4.22331782
30.09905775 14.36704821
-3.08279421 4.42683457
-3.37617696 4.50551531
-3.49661290 3.73811234
-3.58637707 4.17167265
-3.17109467 4.66205321
28.93054917 15.12115316
-2.85163872 4.00918614
29.83850840 14.47572309
-3.48404244 3.52479026
-3.09788107 4.90244185
-3.90383664 4.19039459
29.79824996 14.71173540
-3.87999219 4.42936547
29.71260197 14.85259199
28.77759429 14.63695096
29.97724067 14.64981917
-3.88188517 4.22598496
28.83533091 14.41884514
-4.14830668 3.59545345
29.72490059 14.25527923
29.24860723 14.78616393
-3.17057869 4.26057198
29.38531474 14.93771769
29.15622996 15.19942462
-4.03612133 4.28694983
-3.69713630 4.45594938
-3.70850022 4.01996513
-3.44928366 4.92993943
-3.40634105 4.11756226
-3.33493995 4.26405877
29.00225882 13.96500454
-3.88428081 4.19506623
29.78147712 14.46090735
29.75670140 14.67666637
-3.87530288 3.62326742
-4.11465234 4.91162241
29.60903476 14.33883869
29.20153182 14.71236661
-3.98504619 4.46080435
28.91475088 14.46274342
-3.33935202 4.56992077
-3.57052878 4.47320839
-2.73915041 4.37146365
29.59612044 14.44688333
28.82372310 14.18612247
-3.56537402 4.07866331
-2.32043764 3.36663377
-3.45041525 3.99870785
-3.59139312 4.14239522
29.65723107 14.96497936
29.21438490 14.64722917
-2.83166677 4.35416339
-3.73908182 4.21990443
29.64228125 14.93743671
-2.11264632 3.93919858
30.00312798 14.46715379
-3.81769834 4.23036644
29.22703689 15.08240776
29.63075056 15.11726468
28.77092896 13.91015949
28.81056375 14.88153663
29.80425626 14.50253104
-3.23927606 4.25015891
-3.89548306 4.64812349
29.15309618 14.44624717
29.37649075 14.49462316
-2.64391202 4.31357626
-3.33578235 4.02317453
29.52724186 14.67573749
-3.12452913 4.18306951
-3.71091219 3.93524503
29.04013368 13.78784946
-3.15135028 4.44434049
29.37609905 14.27501410
-3.82738242 4.29021212
-3.62085061 3.76789113
29.47047903 14.56749413
29.43411007 13.83077939
29.49403545 14.43288048
29.43263625 14.13379327
-3.16920680 4.65403559
-3.11292655 3.85767118
-3.66777972 4.84943526
29.90184362 14.52615084
-3.45390693 3.81179870
-3.64620896 3.52768418
-3.36916526 3.19809580
-3.10642432 3.67969980
29.96062952 14.28460246
29.27155873 14.28880429
29.96990342 14.70048528
29.82425737 14.58825453
29.08174156 15.22534120
29.76156421 14.50510331
29.80965276 14.84322172
29.60266108 14.54483420
30.50889732 14.38260556
28.88353142 15.27408854
-2.72433548 5.16897394
-2.76762635 3.55677152
-3.38614677 3.92785442
-3.38650063 4.69577278
-3.78318878 3.71981974
29.65011941 14.89788512
30.35020722 14.07668396
-3.85011956 4.61207480
29.76953685 14.33307196
-3.73232129 4.41165886
-3.18990718 4.22473914
-3.73650085 4.20672198
29.90723970 14.38943716
-3.36476205 4.44041405
29.46289607 13.78266058
29.35916652 15.30783837
-3.01209090 4.07476652
-3.47434027 4.85550901
-3.24634981 4.22747270
-3.42773651 5.07998539
-2.99831002 4.62018550
29.14987858 14.92695762
29.45410955 14.13656199
29.48244305 14.57194034
-3.77331316 4.58736028
-3.50957419 4.79733917
29.59193140 14.46276118
-3.83999945 3.82982572
-3.67554519 4.95289026
-2.95479187 4.30313418
-3.41802337 4.60531310
-3.81063883 4.11329739
29.46482798 14.93011439
-3.36808468 4.49932267
29.78887586 13.99966439
29.85642028 14.79506579
-3.40252597 4.20866707
-4.05137900 4.01293585
-3.30980749 4.30888707
28.58850002 14.32206062
29.72969056 14.72194443
-3.28709776 3.73044805
30.03268917 14.62811141
-4.28551289 4.29136014
-4.50373041 4.12087869
-3.06309707 4.38327243
-3.15978855 3.90212176
28.92343866 14.59073799
-3.17109804 4.45769787
-4.10033850 4.41613758
29.46363094 15.13594058
-3.16906542 4.73183877
-3.69090365 4.65615843
30.08326621 14.53278530
30.60659995 14.95655583
29.69599267 13.96424263
29.70967131 14.84805440
-3.15241933 4.33683525
29.70745151 13.90607730
29.13878403 14.43322300
29.37694133 15.39365826
29.03735735 15.04688965
28.95134502 14.67914463
29.47471301 14.96702713
-3.54715984 4.38074939
-3.00284621 4.50765840
29.56620935 14.66485315
29.54112159 14.48268588
30.18868539 14.45388789
29.21642909 14.93957533
29.39226220 14.43162596
28.97571700 14.92687171
29.20157244 14.01138466
29.53736252 15.06350277
-3.58913703 3.99422958
29.57536537 14.19625066
28.75898788 14.54017454
-3.24237962 4.40071640
-3.92017350 3.39128222
-3.60664652 5.08459190
29.55625742 14.79851731
30.05993721 14.09357778
30.31660995 15.24216563
-3.05565260 4.26276750
-3.42270146 4.27536269
29.43353760 14.28812214
-3.68834779 3.90959101
29.38792055 14.45342543
-3.15210074 4.32911745
29.25614919 13.61401884
-3.39554676 4.49094303
-3.60919984 4.04277144
29.29932792 14.96296429
29.93483498 13.77960109
-4.28925426 4.63842924
29.25479982 14.76204759
29.81094082 14.82994840
28.76621091 14.08382266
-3.96572695 4.13875659
-3.54816877 3.84030883
29.41806702 13.92744869
-3.38047371 4.13921591
29.61495884 14.56725283
-3.05241290 3.77235272
29.65657072 14.31158852
29.12921933 15.39597530
29.13100925 14.57073658
-3.67106346 3.79362903
-3.61302752 3.85990476
-3.20327562 4.49822872
29.23765025 14.28123178
29.49783453 14.60562329
-2.94885757 3.55417776
-3.02030893 4.78606402
29.33169173 14.18948802
29.02191801 15.21648393
29.46944113 15.21823135
29.06421687 14.44520464
-3.62442811 3.99024620
-3.29933687 4.38751254
-2.94552631 4.27330709
29.09724081 14.29816739
30.05036738 14.75759036
29.39914899 14.88589900
-3.88621531 4.17360149
-3.48664627 3.58834618
30.15255568 13.51535347
29.56236792 15.25454300
29.42405325 14.68062222
29.28164151 14.18904043
29.76878187 14.59825254
-2.55974926 4.66996111
29.36522972 15.29442715
-3.87018398 4.96205323
-3.79439616 4.08346186
29.80575096 14.59265525
29.08741357 15.08787411
-3.87749821 4.82303073
29.58237481 14.50463964
29.02757403 14.89844647
-4.13564643 3.72850881
29.98862353 14.98650834
29.44176989 15.00463821
29.39665287 14.31187356
-3.77116404 3.55537204
-3.42360478 4.63066566
29.32923927 15.12349257
30.60479834 15.15139748
-3.45628588 4.38435373
-2.63089202 4.01231225
29.29578274 14.46463545
30.40872898 15.05109379
-3.42933562 4.35123247
29.14679396 14.53713359
-3.21540742 4.40328819
29.09093973 14.17968561
-3.64942957 3.88476867
-3.02790487 4.03411406
28.92016108 15.01029456
29.11563919 14.79879420
29.23073797 14.25475570
-3.56343863 4.02542540
-3.07079996 4.66590318
30.26640019 14.35067926
29.23913562 14.44236724
-2.49371199 4.83963563
28.97884706 14.54880157
29.63782095 14.48024110
-3.34549878 3.70732964
-4.08788076 5.09559778
29.80473953 14.83073476
-3.74815700 4.01655500
28.44569714 13.97925442
29.59541110 14.03653879
29.97940230 14.60797291
-3.66811211 4.79183722
30.28536920 15.21094751
29.63380920 14.83353153
29.39853531 14.91826985
-2.78744709 3.74289200
-3.35124720 4.39486855
29.37615153 15.19989962
-2.80136276 4.54665031
29.48067932 14.34591008
28.85017153 14.07215612
-2.56058090 5.15295278
-3.07208631 4.55428909
-3.33230517 3.89576332
29.41451600 14.41424849
-3.60035254 4.40374813
29.93097664 15.38209840
-4.20096699 3.96490703
29.71520922 14.23910289
-3.35063721 4.12057543
-2.78251548 4.57176919
29.72089987 14.41526456
-2.98275565 4.62816780
29.17515253 14.08925843
-3.64359276 4.41715510
29.42770878 14.50316051
29.34073823 14.33042165
29.76443759 15.16553332
-3.40618621 4.32650692
29.13523710 14.04610793
29.48359278 14.42372993
29.00596585 14.34131871
29.18523162 15.08173105
-3.70529070 3.39062914
-3.84832799 3.57994092
-3.14627057 4.68794642
29.69315164 15.01055680
-3.17681143 4.09888727
-3.22862884 4.55642081
30.52627288 14.59597665
-3.45808420 4.64759674
-3.10346637 5.32988156
-3.17527993 4.26731396
29.73729432 15.02445495
-3.48160036 3.84400234
29.04763597 14.45259364
29.70959457 14.45018482
29.94242775 14.77602033
-2.80509625 3.98404494
-3.61813684 4.83728637
-4.12414611 4.21082055
-3.05530615 5.12349770
29.61177723 15.01965755
29.36001880 14.41043437
-3.27276428 4.03269627
-3.65608424 4.51497853
29.67322372 14.69265717
-3.57152984 4.38329465
29.40351283 14.62343206
-2.77644939 3.96002654
-2.67255441 4.61061360
-3.76405910 3.82082687
30.11459697 14.72444879
29.65637664 14.62018022
28.76275533 15.04161925
-3.66385554 4.59009605
29.07975033 14.03470952
-3.19872837 4.35475873
29.97043084 14.31414671
29.87359025 14.77671152
-2.81134216 3.97657702
-3.97239196 4.49474603
29.11247699 14.18001665
-3.17307521 3.95933254
29.53891672 14.52572807
-2.94881893 3.76897446
29.96428008 15.14599526
-3.48136609 4.15402187
29.27188170 14.66073419
29.39504877 13.95268504
-2.20062169 4.93641766
28.96922284 15.96696557
29.40219270 13.95389157
-4.12003230 4.75979437
-3.10738110 4.33448759
29.33096593 14.96347340
29.33340214 14.71122653
-3.23766813 3.90595951
29.22787362 14.25692592
29.44976610 14.88017424
-2.97864140 4.68615388
-2.88767510 4.79046393
29.73979610 14.46005495
29.51518394 14.57863144
-3.38772436 4.03849318
29.51795985 14.62556789
29.55387808 14.52094625
-3.19731349 3.98005325
-3.10773789 4.08464153
29.72512083 15.03024594
29.71395122 14.43495401
-3.86058727 4.56111150
-3.68564597 4.14538456
-3.18421529 4.33425301
29.38109833 14.71087371
-2.84463258 4.21701373
29.55391886 14.68266390
29.59733491 14.75844678
29.17559315 14.57458531
29.35926633 14.47799519
-3.88629324 3.71747374
29.18289253 15.02230109
29.03623771 14.50969253
29.89912097 14.47495026
-3.73817132 4.09373644
-3.20918936 3.90365374
-3.33149300 3.60569329
-3.61999485 4.14714775
-3.39343694 4.13783810
-3.25025455 4.86657532
30.00161226 14.25148754
-2.91377830 3.92405111
-3.35607380 4.07065273
-4.55088432 4.62713805
-3.33267870 4.35306498
-3.19673734 4.58046586
-3.18577075 5.21622110
-3.57156037 4.26184732
28.78507615 14.33291320
-3.70406228 4.13421824
29.19028960 14.66566960
-3.23320193 4.49213301
29.50369316 14.43365730
-3.35999484 4.21041100
-3.48733230 3.84857273
-3.27592683 4.23982431
30.00964778 14.54513534
-3.02232972 3.44954272
-3.79793945 4.42423833
-2.71704560 4.15892291
-3.12810597 4.21762451
-3.35888900 4.36520382
29.14295117 15.15410269
-3.55343835 4.32653430
28.79366363 14.63243468
29.57835249 15.35049788
-3.87311137 3.76974064
-3.57263667 4.48863343
28.74339902 13.98194360
29.45489670 14.64189099
-2.56225586 4.06023425
-3.32125008 4.18946810
-2.87300901 4.24427503
29.27274461 14.51434518
29.65201987 14.74313302
-3.05771340 4.06104623
-2.82468529 3.98100997
-3.31652436 3.92329827
29.36383603 14.74290399
-3.15887268 3.69315960
-2.97623269 4.00660009
29.06626320 13.95015812
-2.69779672 4.35684861
29.72649602 14.47932390
28.84325834 15.06970124
29.46486378 14.19879868
-3.06130443 4.40906660
29.57325063 14.84268430
-3.73949446 4.32658227
-3.17997711 4.00025091
29.70117045 14.40715242
-3.20842175 4.24192190
-3.68369983 5.16345042
29.61178970 15.17064662
-3.62441501 4.29962465
-3.72187805 3.71955591
-3.67508509 4.64750309
29.21881936 14.23762320
-2.84806308 3.60068777
29.42502773 14.83587680
29.27716562 15.06454278
29.53539207 13.60168812
29.34511158 14.29949582
-4.08773625 4.58251293
29.92143962 15.22270317
-3.55987642 4.34839183
-3.69856134 3.88472170
29.89508727 13.89406351
29.19062981 15.28920998
29.89848624 13.89344917
29.69111183 14.89844284
29.34887248 13.88866426
-2.93355730 4.12158834
29.33759956 14.32983401
29.37989195 14.41050257
29.66968680 14.87732206
-3.98697023 3.83595557
29.68617384 14.20170255
-2.89910642 4.30917893
-3.11723451 4.19235363
-3.81148818 4.51238239
-3.33166103 3.63014692
-3.24606685 4.25827294
-3.49397452 4.54578474
-3.71055925 3.56899162
29.26150080 14.41748652
-3.01986110 3.99479002
-3.47970373 3.74892550
-3.12837644 4.07785765
-3.26002666 4.49367728
-4.04892513 4.29956935
30.27380238 13.94729331
-2.82833680 3.62481071
29.15263270 14.34675783
29.52463735 14.69755581
-3.32296835 4.17560554
-3.17278923 4.58131679
-3.04030669 3.56979655
-2.65799602 3.93442820
-3.57471479 4.42214615
29.33718564 15.22484096
-2.95541347 3.84708655
30.27208904 14.45735891
29.92179561 14.19034495
-2.92769289 4.04561574
29.87429289 14.46482777
29.58465973 14.62318201
29.22113470 14.83025392
28.60135392 14.42319322
29.32075554 14.86101042
-3.30347089 4.22419479
-3.24061543 3.05556964
-3.12510126 4.67948667
-3.09201299 4.05870173
29.30992866 14.39559370
29.60039571 14.19048944
30.28056825 14.83586735
-3.34476802 4.65123704
-3.27616050 4.42212406
-3.45063716 4.72788901
29.43549614 14.03557145
-3.24366490 3.91998037
-3.92119818 3.86809728
-3.63066787 3.40514902
30.27599019 14.58753465
29.26067714 14.26806316
-2.98346773 4.41651047
29.67548946 14.73774406
29.51044426 14.25610998
30.27369331 15.32481282
29.67128265 14.61309889
-3.67187217 3.54965531
-3.61831253 5.37461682
-3.07868471 4.17821080
29.48431609 14.32577408
-3.16624616 4.09520664
-3.55531492 3.84503630
-3.87864611 4.14419115
29.83419414 14.50208650
29.89108278 14.15859044
-3.39682291 3.85935268
29.81976463 14.82197500
-3.83950204 3.53576472
-4.85341081 4.37085393
-3.51236266 3.80936714
29.38176551 15.25295222
29.57525266 14.23809487
29.89537958 14.68069804
-3.29910346 3.40145530
29.60492238 14.83129616
-3.15750839 3.84989473
29.83128681 14.38638503
-2.73698117 4.58946263
-3.22475700 4.16259534
30.02646902 14.64670168
-2.79647613 3.76448479
-3.83516511 4.49455445
29.07537588 14.61027482
-3.03645344 4.31018273
28.99998397 14.56359772
29.20067509 15.82268747
-2.96815592 3.48399974
29.36735522 14.17327198
-3.33845748 4.35792703
29.45624560 14.92981973
29.57817594 14.28138078
-3.12079304 3.65536812
-3.31036085 4.13734186
-3.52808019 4.57319868
-3.46600936 4.18926001
-2.95729306 3.67097561
29.68288325 14.99224100
29.59644281 14.32210965
-3.38846917 4.30121823
29.45553166 14.51458670
30.15218150 15.36547649
29.54291150 14.35066377
-3.43463634 3.74713409
-3.96214282 3.71813630
29.98500925 13.92897000
-3.39104147 4.38621938
-3.65981006 3.81780717
29.39964105 14.01320950
-3.26667710 4.20854240
-2.41243977 4.30573195
29.47097636 14.92985529
-3.14879748 3.88756281
-3.04170961 3.87263785
29.17764991 14.50657527
29.18403125 14.47252240
-3.55844838 4.32610309
-2.47093720 4.39018781
29.36117867 14.69326180
-3.33881311 4.28649010
-3.71654010 4.50812683
29.72986282 15.09135633
29.30487748 14.43448259
-3.67017594 4.37804025
29.25570241 14.51123865
29.49938906 14.32864711
29.69682787 14.58552078
29.30955777 14.77126594
29.58200526 15.15050014
-3.10754638 4.30033466
29.29576478 14.19291486
-3.41064636 3.82772513
-3.74084714 4.57437032
-3.57117018 4.26692865
-3.57051474 4.36573851
29.18549861 15.27440848
29.39429031 14.72695852
29.38945121 14.54377908
-3.37992785 3.53554036
-3.24974663 4.04550067
-3.50882632 4.30999567
-3.21264605 4.15616682
-3.00799547 4.30265905
-3.88423319 4.06807357
-2.81983538 4.20116164
-3.00969374 4.17250300
29.65550537 14.78628592
-3.11863229 4.47353481
29.73585700 14.99578103
-3.42561201 4.92256054
28.62227377 14.31806278
-3.13519304 3.97622042
29.57864751 14.49704554
29.43452832 14.13930683
-2.88711169 4.28038472
-3.53919052 4.79752056
-3.27047225 4.46684043
-2.39220440 4.82439372
-3.38166077 4.57116125
-3.56239630 4.81929630
-3.19990950 4.08247987
-3.04867072 4.19307471
-2.82188920 4.31130561
29.31867297 14.01492597
29.54758632 14.81605039
29.17642659 14.49808589
-3.42738531 3.76181162
29.51868696 15.62649682
-3.82928111 4.62276290
-2.85231116 3.59006865
29.27346898 14.54228339
-3.03714069 4.07222329
29.94547381 15.12817943
-3.30953337 4.41568882
-3.02496090 4.08309597
-3.48240928 3.93651492
29.09296529 14.52123450
29.26453170 15.86005329
-3.17195579 4.71927103
-3.63383056 4.79126807
-3.67141161 3.98735303
-2.99335965 4.48618896
29.08826877 14.87920763
-3.24433510 4.70315482
30.10122396 14.29853306
-2.65106525 4.18393766
-3.51550299 4.55331613
-4.08488884 4.24031829
29.60568339 14.43027275
29.79581690 14.91587078
28.82700091 14.62614020
29.47464191 14.66033629
-3.13737862 4.91357994
-2.98975105 3.97112083
-3.45849470 4.09625037
-3.03126482 3.42615577
-3.07299679 4.39316704
-3.61441873 4.02585793
28.99024930 14.44301163
29.16514061 15.33677784
-3.68051438 4.15152572
-3.88874115 4.50503673
29.06868035 14.64279037
-3.60030220 4.50705414
-3.39890808 3.40563834
29.18932680 14.67764827
29.64539861 14.18044561
29.21706511 14.86262435
-3.57060927 4.09966061
29.60056251 14.83885731
-3.89982722 4.57019224
29.17865937 14.67593783
30.01553778 14.22865947
29.75015675 14.73115060
29.64113079 14.22564208
30.09034409 14.64424873
-3.40848755 3.55753666
-3.38259449 4.46537400
-3.33589657 4.42408779
29.29930273 14.32782527
-3.34908533 4.23968718
-2.98161230 3.79348924
29.20343730 14.65312985
29.27360912 14.51988226
-3.24115717 3.95258013
28.95485487 14.48807082
-3.16538513 4.57794435
-3.68228367 4.04683199
-3.50028719 4.59126323
29.21825959 14.48035777
29.64160486 14.14468605
-3.71974774 3.98085035
28.84300702 14.05076628
-3.14217960 4.58571148
29.78909588 14.42999718
-3.61026641 4.75942208
-3.37777526 4.47340570
29.72325708 14.89793911
-3.47797805 3.63966272
-3.43453378 3.77480803
-2.99794813 3.32422857
28.85507235 14.98374075
28.92832562 15.03228784
30.07860580 14.72662251
-3.87680329 3.55619179
30.33370183 14.45093038
-3.64679390 4.32167513
-3.33869706 4.98128947
29.81118834 14.53816614
29.56188189 14.52926579
29.77811112 14.38052512
-3.78583878 4.63901018
-4.05742420 4.18148031
29.23057258 14.70609156
29.49383103 14.35988063
30.02816366 14.72196910
29.83561366 14.50132511
